{"ADNP": {"ppm": [[0.07484923731819794, 0.21213196168854204, 0.07023767293366442, 0.6427811280595956], [0.4998226321390564, 0.13834693153600566, 0.19262149698474637, 0.16920893934019154], [0.1841078396594537, 0.12841433132316424, 0.1259311812699539, 0.5615466477474281], [0.13834693153600566, 0.41539553032990423, 0.1720468251152891, 0.274210713018801], [0.03263568641362185, 0.7389145086910252, 0.033699893579283435, 0.19474991131606953], [0.03334515785739624, 0.8361120964881164, 0.0177367860943597, 0.1128059595601277], [0.055693508336289464, 0.8105711245122383, 0.02092940759134445, 0.1128059595601277], [0.7974459028024122, 0.04647037956722242, 0.09400496630010642, 0.06207875133025896], [0.05143667967364313, 0.0833628946434906, 0.0535650940049663, 0.8116353316778999], [0.049663001064207166, 0.054984036892515076, 0.061014544164597374, 0.8343384178786803], [0.06456190138346932, 0.06775452288045407, 0.08123448031216743, 0.7864490954239092], [0.06988293721177723, 0.16317843206810925, 0.07272082298687478, 0.6942178077332387], [0.7839659453706989, 0.08052500886839305, 0.08974813763746009, 0.04576090812344803], [0.06917346576800283, 0.7743880808797446, 0.030507272082298687, 0.1259311812699539], [0.9106065980844271, 0.02021993614757006, 0.03689251507626818, 0.03228095069173466], [0.05888612983327421, 0.01489890031926215, 0.88116353316779, 0.045051436679673644], [0.8116353316778999, 0.05711245122383824, 0.10819439517559418, 0.02305782192266761], [0.14402270308620077, 0.1010996807378503, 0.05285562256119191, 0.702021993614757], [0.250443419652359, 0.028733593472862716, 0.6615821213196169, 0.05924086555516141], [0.6012770485987939, 0.05817665838949982, 0.27562965590634975, 0.06491663710535651], [0.29655906349769423, 0.039020929407591345, 0.6246896062433487, 0.039730400851365734], [0.40688187300461154, 0.06207875133025896, 0.47818375310393757, 0.05285562256119191], [0.8407236608726498, 0.05746718694572543, 0.07413976587442356, 0.027669386307201137], [0.7690670450514366, 0.08087974459028024, 0.095069173465768, 0.054984036892515076], [0.8020574671869457, 0.06207875133025896, 0.10216388790351189, 0.033699893579283435], [0.13479957431713374, 0.680028378857751, 0.059950336998935795, 0.1252217098261795], [0.1479247960269599, 0.11848173111032281, 0.07804185881518269, 0.6555516140475346], [0.19971621142249024, 0.02908832919474991, 0.7261440227030862, 0.045051436679673644], [0.7775807023767294, 0.071301880099326, 0.1074849237318198, 0.04363249379212487], [0.1798510109968074, 0.056757715501951043, 0.7155019510464704, 0.0478893224547712], [0.15963107484923733, 0.07662291592763391, 0.6590989712664065, 0.10464703795672224], [0.10039020929407591, 0.6076622915927634, 0.1067754522880454, 0.1851720468251153], [0.29975168499467897, 0.23412557644554807, 0.07555870876197233, 0.39056402979780064], [0.1915572898190848, 0.5271372827243703, 0.09968073785030153, 0.18162468960624334], [0.6449095423909188, 0.0954239091876552, 0.17949627527492018, 0.08017027314650585], [0.2586023412557645, 0.08123448031216743, 0.5824760553387727, 0.0776871230932955], [0.5693508336289465, 0.08584604469670096, 0.25363604114934374, 0.09116708052500887], [0.31748847108903866, 0.07875133025895707, 0.49592053919829726, 0.10783965945370699], [0.5477119545938276, 0.11635331677899964, 0.20290883291947498, 0.13302589570769777], [0.31997162114224903, 0.10819439517559418, 0.43064916637105355, 0.14118481731110322]], "weights": [[-6.694495677947998, 0.21172000467777252, -5.496499538421631, 2.7216367721557617], [-0.24523845314979553, -2.2654898166656494, -1.9684795141220093, -1.4114775657653809], [-1.2843849658966064, -2.142059087753296, -5.642498970031738, 1.659795880317688], [-6.009909629821777, 1.1550190448760986, -1.5381098985671997, -1.758733868598938], [-5.768495082855225, 1.8837480545043945, -2.99253511428833, 0.29815179109573364], [-4.696338176727295, 2.8368728160858154, -3.723256826400757, -0.304915189743042], [-2.0803568363189697, 3.583906888961792, -3.2872273921966553, -1.4319372177124023], [0.4648813307285309, -4.3562493324279785, 0.6842858791351318, -3.3193552494049072], [-3.210465669631958, -1.9974972009658813, -2.2153844833374023, 2.991055488586426], [-2.5873630046844482, -3.1139461994171143, -1.4762446880340576, 1.3788039684295654], [-3.7737555503845215, -2.149099111557007, -1.1066794395446777, 1.4130665063858032], [-3.1315762996673584, -1.7958542108535767, -1.2363067865371704, 2.111438512802124], [3.907571792602539, -0.731458842754364, -3.3349921703338623, -4.205317497253418], [-3.138993740081787, 4.401148319244385, -5.850549221038818, -2.3072690963745117], [3.952789306640625, -1.644026756286621, -3.741107225418091, -5.129025459289551], [-4.441656589508057, -6.756292819976807, 4.832394123077393, -1.0838768482208252], [3.0796549320220947, -0.8010753393173218, 0.5709969997406006, -4.889621734619141], [0.382205992937088, 0.567521870136261, -6.402442455291748, 0.38142672181129456], [1.3227109909057617, -4.26487922668457, 2.580996513366699, -3.6386656761169434], [-1.2684051990509033, -0.7083156704902649, 2.188960313796997, -3.3977417945861816], [2.131239175796509, -2.0311102867126465, 1.6743147373199463, -6.166453838348389], [0.6258711814880371, -3.5012853145599365, 2.573458194732666, -4.637887001037598], [4.126168727874756, -1.6953227519989014, 0.7712492346763611, -4.574343204498291], [2.197084665298462, -2.4314098358154297, -3.154797315597534, -1.921827793121338], [2.943721055984497, -0.783257007598877, -1.414475440979004, -5.663527965545654], [-1.4021551609039307, 1.4551947116851807, -2.398380994796753, -2.7031824588775635], [-1.9189348220825195, -0.3912576735019684, -2.208550453186035, 0.30308258533477783], [0.34679821133613586, -4.051853179931641, 2.370434284210205, -3.528439521789551], [0.3047313690185547, 1.0769727230072021, -1.4737147092819214, -2.9926438331604004], [0.06315317749977112, -2.5173826217651367, 0.8985947966575623, -3.0805301666259766], [-1.446260690689087, -1.822972297668457, 0.2765335738658905, -1.245375394821167], [-2.9028398990631104, -1.3135205507278442, -0.8012597560882568, -1.279536485671997], [0.9547544717788696, -1.1701624393463135, -1.5719445943832397, -0.9143581986427307], [-0.10022549331188202, 1.1015676259994507, -4.132692337036133, -3.3460474014282227], [1.709342360496521, -1.9946999549865723, 0.055423639714717865, -4.91399621963501], [-1.1466346979141235, -1.6128634214401245, 1.033360242843628, -1.8442524671554565], [-0.5897080898284912, -1.6526274681091309, 1.3014744520187378, -3.3336668014526367], [-0.1719018816947937, -3.96132230758667, -1.1653432846069336, -2.2255051136016846], [-0.8209500312805176, -0.7536410689353943, -2.954469680786133, -1.1319694519042969], [0.6978607177734375, -2.307833194732666, -1.4379370212554932, -3.339867353439331]], "orientation": "reverse", "trimmed_ppm": [[0.07484993791844625, 0.21213211316008937, 0.0702383919800965, 0.6427795569413678], [0.49982163285252507, 0.1383473781464931, 0.1926217264978404, 0.16920926250314156], [0.18410810322704077, 0.12841481766389357, 0.12593167754324372, 0.5615454015658218], [0.13834737814649306, 0.41539486875042914, 0.17204713692674137, 0.27421061617633624], [0.03263655586739839, 0.738912553040813, 0.033700758776248334, 0.19475013231554028], [0.03334602447329834, 0.8361097520491081, 0.017737715143499127, 0.11280650833409436], [0.05569428555914723, 0.8105688822367095, 0.02093032387004897, 0.11280650833409438], [0.79744371302756, 0.04647119368244769, 0.0940055902777453, 0.062079503012246906], [0.05143747392374743, 0.08336356118924583, 0.05356587974144733, 0.8116330851455593], [0.04966380240899752, 0.05498481695324726, 0.06101530010339695, 0.8343360805343581], [0.06456264313289678, 0.06775525185944663, 0.08123515537154594, 0.7864469496361106], [0.06988365767714651, 0.16317877935299183, 0.07272153210074637, 0.6942160308691152], [0.783963809515461, 0.08052568676564599, 0.08974877864234553, 0.04576172507654773], [0.06917418907124653, 0.7743859833358112, 0.030508150049698486, 0.12593167754324372], [0.9106039556686045, 0.020220855264149008, 0.036893367502798174, 0.03228182156444841], [0.05888689428569706, 0.014899840719899268, 0.8811610085237558, 0.045052256470647756], [0.8116330851455594, 0.057113222770947165, 0.10819496239574461, 0.023058729687748865], [0.14402312699369277, 0.10110027633674495, 0.052856411135547364, 0.7020201855340148], [0.25044341787868746, 0.028734478534948572, 0.6615804749977169, 0.059241628588647045], [0.6012756434962199, 0.0581774256797971, 0.27562955338813616, 0.06491737743584676], [0.2965588772621851, 0.03902177332049806, 0.6246881074909186, 0.03973124192639803], [0.4068812454796296, 0.06207950301224692, 0.4781828403725761, 0.05285641113554738], [0.840721297987458, 0.057467957073897145, 0.07414046931254632, 0.027670275626098636], [0.7690649687915616, 0.08088042106859598, 0.09506979318659527, 0.05498481695324727], [0.8020552589659098, 0.062079503012246906, 0.1021644792455949, 0.03370075877624833], [0.13480003511699326, 0.680026658751116, 0.05995109719454701, 0.12522220893734373], [0.1479252043261426, 0.11848225718129407, 0.0780425466449961, 0.6555499918475671], [0.19971641255684, 0.029089212837898556, 0.7261421181346136, 0.045052256470647756], [0.7775785920623612, 0.07130259488894646, 0.10748549378984465, 0.043633319258847836], [0.179851291591641, 0.056758488467997165, 0.7155000890461142, 0.047890130894247616], [0.15963143632349203, 0.07662360943319617, 0.6590973348770669, 0.10464761936624477], [0.10039080773084498, 0.6076608609493196, 0.10677602518394465, 0.18517230613589072], [0.29975148598873497, 0.23412563994298827, 0.07555940652434623, 0.3905634675439304], [0.19155752358899045, 0.5271361741796737, 0.09968133912494503, 0.18162496310639092], [0.6449079627590677, 0.09542452748954523, 0.17949655728869102, 0.080170952462696], [0.258602306846537, 0.08123515537154594, 0.5824747254398709, 0.07768781234204612], [0.5693495562307215, 0.0858467013098957, 0.25363602660523726, 0.09116771585414545], [0.3174882011362341, 0.07875201525089608, 0.4959195555200752, 0.10784022809279463], [0.5477107637507725, 0.11635385136359418, 0.20290902128338983, 0.13302636360224335]]}, "AHR": {"ppm": [[0.20526925303995366, 0.3228141285466126, 0.20555877243775333, 0.26635784597568035], [0.3089171974522293, 0.1519976838448176, 0.12680949623624782, 0.4122756224667053], [0.14765489287782282, 0.28170237405906196, 0.40156340474811814, 0.1690793283149971], [0.2142443543717429, 0.04806022003474233, 0.41111754487550667, 0.3265778807180081], [0.004053271569195136, 0.9913144180660104, 0.0005790387955993051, 0.004053271569195136], [0.9973943254198031, 0.0011580775911986102, 0.0005790387955993051, 0.0008685581933989577], [0.0011580775911986102, 0.9128546612623045, 0.006948465547191662, 0.07903879559930516], [0.012738853503184714, 0.0014475969889982628, 0.9843659525188188, 0.0014475969889982628], [0.15836711059640995, 0.5379270411117545, 0.17081644470179502, 0.13288940359004053], [0.5254777070063694, 0.14910248986682106, 0.14128546612623047, 0.18413433700057905], [0.4756803705848292, 0.2252460914881297, 0.17689635205558774, 0.12217718587145339]], "weights": [[-2.106968879699707, -1.3105899095535278, -1.5284615755081177, -0.5295935273170471], [-0.6040751934051514, -2.1882691383361816, -4.0902910232543945, 1.4698784351348877], [-3.6835241317749023, 0.1990089863538742, 0.7947976589202881, -3.4335527420043945], [-1.1081342697143555, -7.2443132400512695, 2.468374729156494, 1.1554030179977417], [-4.995813369750977, 11.250724792480469, -7.311181545257568, -4.269477367401123], [12.271093368530273, -7.009064197540283, -3.5301544666290283, -6.889949798583984], [-10.048559188842773, 13.594491958618164, -6.578357696533203, -2.3435866832733154], [-4.97525691986084, -6.976663589477539, 14.431873321533203, -7.914005279541016], [-2.729016065597534, 2.798386335372925, -3.144202470779419, -1.918107509613037], [1.836500883102417, -3.686004638671875, -1.5692933797836304, -1.8505418300628662], [2.701631784439087, -1.5037634372711182, -2.6335489749908447, -3.5861432552337646]], "orientation": "forward", "trimmed_ppm": [[0.21424449739375337, 0.04806102779063117, 0.41111690040790505, 0.32657757440771046], [0.004054255352173727, 0.9913114528201991, 0.0005800364754534032, 0.004054255352173727], [0.9973913358544596, 0.0011590729549067903, 0.0005800364754534032, 0.0008695547151800969], [0.0011590729549067907, 0.9128520098542652, 0.006949437749440665, 0.0790394794413874], [0.012739802543974535, 0.001448591194633484, 0.9843630150667584, 0.001448591194633484], [0.15836747712650143, 0.5379258894081969, 0.17081676143474928, 0.1328898720305524], [0.525476605099949, 0.14910289345524722, 0.14128590098262653, 0.18413460046217717]]}, "AHRR": {"ppm": [[0.1702814951545916, 0.35486848177203506, 0.20304568527918782, 0.2718043377941855], [0.23073373327180433, 0.17951084448546378, 0.08583294877711121, 0.5039224734656207], [0.1222888786340563, 0.3188740193816336, 0.3991693585602215, 0.1596677434240886], [0.159206275957545, 0.019381633594831565, 0.5782187355791417, 0.24319335486848176], [0.022611905860636824, 0.9700046146746655, 0.0036917397323488694, 0.0036917397323488694], [0.9949238578680203, 0.0013844023996308261, 0.0027688047992616522, 0.0009229349330872173], [0.0027688047992616522, 0.9344716197508076, 0.006460544531610522, 0.05629903091832026], [0.016151361329026302, 0.0027688047992616522, 0.9760036917397323, 0.005076142131979695], [0.1324411628980157, 0.72634979233964, 0.09367789570835255, 0.047531149053991695], [0.5989847715736041, 0.11259806183664052, 0.16243654822335024, 0.12598061836640517], [0.4900784494693124, 0.2727272727272727, 0.1490539916935856, 0.08814028610982926]], "weights": [[-2.9203908443450928, -1.0637297630310059, -2.7536568641662598, 0.1466052085161209], [-0.8093567490577698, -2.5576932430267334, -7.345808506011963, 3.9104864597320557], [-4.4796528816223145, 0.2911083698272705, 0.7868636846542358, -4.061859607696533], [-2.393843650817871, -10.624715805053711, 4.908148288726807, 0.6181644201278687], [-6.0557146072387695, 13.223145484924316, -8.563516616821289, -5.827704429626465], [16.19776153564453, -8.387982368469238, -6.469644069671631, -8.121561050415039], [-11.453997611999512, 16.813701629638672, -9.962738037109375, -2.3421247005462646], [-6.92893123626709, -8.76098918914795, 18.006242752075195, -8.9029541015625], [-2.7181155681610107, 6.0301995277404785, -5.690740585327148, -4.679214000701904], [4.326191425323486, -6.144571304321289, -1.8384605646133423, -2.778221845626831], [4.687263011932373, -2.8204009532928467, -4.934629917144775, -4.383356094360352]], "orientation": "reverse", "trimmed_ppm": [[0.23073381033656296, 0.179511126440958, 0.08583360544268943, 0.5039214577797896], [0.12228938947649838, 0.318873743886658, 0.3991687618851739, 0.15966810475166957], [0.15920663913098845, 0.019382556064607304, 0.5782174227094509, 0.24319338209495336], [0.022612815409375184, 0.9700017346677268, 0.0036927249614490234, 0.0036927249614490234], [0.9949208781845075, 0.0013853968580433936, 0.002769793720086772, 0.0009239312373622678], [0.002769793720086772, 0.93446888187528, 0.006461518685535779, 0.05629980571909738], [0.01615229671983942, 0.002769793720086772, 0.9760007877365813, 0.0050771218234924005], [0.1324416331314832, 0.7263478869480924, 0.09367852099426859, 0.047531958926156], [0.5989833756401016, 0.11259861144219477, 0.16243689847575635, 0.12598111444194743], [0.4900774891593558, 0.27272718181854544, 0.14905439547600371, 0.08814093354609508]]}, "AR": {"ppm": [[0.40397350993377484, 0.09933774834437085, 0.21026490066225165, 0.28642384105960267], [0.3228476821192053, 0.08112582781456953, 0.4155629139072848, 0.1804635761589404], [0.13741721854304637, 0.3609271523178808, 0.09271523178807947, 0.40894039735099336], [0.597682119205298, 0.1804635761589404, 0.09602649006622517, 0.12582781456953643], [0.6341059602649006, 0.15562913907284767, 0.08112582781456953, 0.1291390728476821], [0.6456953642384106, 0.08940397350993377, 0.13245033112582782, 0.13245033112582782], [0.08443708609271523, 0.5281456953642384, 0.11258278145695365, 0.27483443708609273], [0.6225165562913907, 0.10099337748344371, 0.09437086092715231, 0.18211920529801323], [0.25, 0.22682119205298013, 0.2947019867549669, 0.22847682119205298], [0.2947019867549669, 0.3195364238410596, 0.15894039735099338, 0.22682119205298013], [0.3079470198675497, 0.3129139072847682, 0.20860927152317882, 0.17052980132450332], [0.39403973509933776, 0.1837748344370861, 0.1837748344370861, 0.23841059602649006], [0.44867549668874174, 0.014900662251655629, 0.43543046357615894, 0.10099337748344371], [0.11423841059602649, 0.009933774834437087, 0.8195364238410596, 0.056291390728476824], [0.4420529801324503, 0.1357615894039735, 0.1804635761589404, 0.24172185430463577], [0.9321192052980133, 0.023178807947019868, 0.014900662251655629, 0.029801324503311258], [0.0016556291390728477, 0.9337748344370861, 0.023178807947019868, 0.041390728476821195], [0.7748344370860927, 0.0347682119205298, 0.09933774834437085, 0.09105960264900662], [0.1605960264900662, 0.2947019867549669, 0.3029801324503311, 0.24172185430463577], [0.28311258278145696, 0.20860927152317882, 0.2185430463576159, 0.2897350993377483], [0.27483443708609273, 0.28807947019867547, 0.3029801324503311, 0.13410596026490065], [0.19701986754966888, 0.057947019867549666, 0.04470198675496689, 0.7003311258278145], [0.056291390728476824, 0.0380794701986755, 0.8807947019867549, 0.024834437086092714], [0.10927152317880795, 0.06622516556291391, 0.0380794701986755, 0.7864238410596026], [0.3129139072847682, 0.21026490066225165, 0.1456953642384106, 0.33112582781456956], [0.10596026490066225, 0.6837748344370861, 0.024834437086092714, 0.18543046357615894], [0.1291390728476821, 0.4420529801324503, 0.04304635761589404, 0.38576158940397354], [0.16225165562913907, 0.24668874172185432, 0.2119205298013245, 0.3791390728476821], [0.19701986754966888, 0.22185430463576158, 0.30132450331125826, 0.27980132450331124]], "weights": [[-0.5349690914154053, -4.315277576446533, -1.276665449142456, -2.0658369064331055], [-1.1824517250061035, -6.011082172393799, 2.027165651321411, -3.3984811305999756], [-6.561181545257568, 1.2780671119689941, -5.425088882446289, 1.3815314769744873], [2.7646067142486572, -2.5505826473236084, -3.748218059539795, -4.067305088043213], [3.815847158432007, -3.747628688812256, -5.157690525054932, -3.1050994396209717], [3.930222272872925, -4.559089183807373, -4.595509052276611, -3.331646203994751], [-7.440392971038818, 4.297455787658691, -5.443976402282715, -0.041180916130542755], [3.2579433917999268, -3.9053878784179688, -4.3878068923950195, -2.8487730026245117], [-2.9797370433807373, -0.486080527305603, -1.2931206226348877, -3.689465284347534], [-2.6222198009490967, 0.2761925756931305, -1.8063709735870361, -2.4197113513946533], [-1.2970198392868042, 0.36916157603263855, -0.8811829090118408, -5.4862961769104], [-0.26199644804000854, -1.9391582012176514, -3.1242001056671143, -1.6803088188171387], [2.1535401344299316, -7.824875354766846, 4.8956522941589355, -7.4446702003479], [-3.1009154319763184, -9.955300331115723, 9.847586631774902, -5.07740592956543], [1.0717812776565552, -6.291447639465332, -2.5021231174468994, 0.9947888255119324], [12.033283233642578, -5.7365570068359375, -8.718609809875488, -3.9219610691070557], [-11.291927337646484, 14.519564628601074, -5.9063568115234375, -4.25667142868042], [5.026428699493408, -8.01270866394043, 2.7118887901306152, -6.167566299438477], [-3.996340274810791, 0.6102057099342346, -1.5707570314407349, -1.367380976676941], [-2.933387041091919, -1.0932003259658813, -1.0893068313598633, -2.1992287635803223], [-1.6373769044876099, -1.576931357383728, 1.0297081470489502, -4.286266803741455], [-3.425532579421997, -1.817298173904419, -7.48265266418457, 5.494487762451172], [-3.599621057510376, -5.923555374145508, 13.146139144897461, -9.982807159423828], [-2.996067523956299, -5.407700061798096, -6.677898406982422, 9.298069953918457], [1.3982934951782227, -2.9695749282836914, -5.714150428771973, -0.7579525113105774], [-4.915369987487793, 7.75180196762085, -9.589885711669922, -1.6459548473358154], [-7.525485038757324, 4.279850482940674, -5.401741981506348, -0.20400045812129974], [-4.777042865753174, -1.608453631401062, -1.9622061252593994, -0.3177955746650696], [-5.925172328948975, -2.347170829772949, -0.7928246259689331, -2.002959966659546]], "orientation": "forward", "trimmed_ppm": [[0.5976807284823841, 0.18046385430352316, 0.09602710595780133, 0.1258283112562914], [0.6341044238472052, 0.15562951655478144, 0.0811265033085563, 0.12913955628945695], [0.6456937814632847, 0.0894046158914702, 0.13245080132262252, 0.13245080132262252], [0.08443774834172185, 0.5281445827859073, 0.11258333112362914, 0.27483433774874166], [0.6225150662311257, 0.10099397350754967, 0.09437148344121854, 0.18211947682010593], [0.25, 0.22682128476784108, 0.2947018079477351, 0.22847690728442388], [0.2947018079477351, 0.31953614569647687, 0.15894076158794704, 0.22682128476784108], [0.3079467880803974, 0.31291365563014567, 0.2086094370854305, 0.17053011920402653], [0.39403915894270203, 0.18377509933668876, 0.18377509933668876, 0.23841064238392054], [0.4486747019899338, 0.014901602645245048, 0.4354297218572715, 0.1009939735075497], [0.11423895364021192, 0.009934735095496703, 0.8195341457044767, 0.05629216555981458], [0.4420522119236026, 0.1357620463557881, 0.1804638543035232, 0.24172188741708614], [0.9321164768321059, 0.023179715228158954, 0.014901602645245045, 0.029802205294490076], [0.0016566225125827971, 0.9337720993486887, 0.023179715228158954, 0.04139156291056955], [0.7748323377567415, 0.03476907284423842, 0.09933835099096688, 0.09106023840805297], [0.1605963841045298, 0.2947018079477351, 0.302979920530649, 0.24172188741708614], [0.2831124503316556, 0.2086094370854305, 0.2185431721849272, 0.28973494039798675], [0.2748343377487417, 0.28807931788140395, 0.302979920530649, 0.13410642383920532], [0.197020079469351, 0.057947788076397354, 0.04470280794373511, 0.7003293245105164], [0.05629216555981458, 0.038080317877403985, 0.8807921788180396, 0.024835337744741733], [0.10927208609046357, 0.06622590065931126, 0.038080317877403985, 0.786421695372821], [0.31291365563014567, 0.21026505960201325, 0.14569578145528478, 0.3311255033125563], [0.10596084105729801, 0.6837730993446887, 0.024835337744741733, 0.1854307218532715], [0.12913955628945697, 0.4420522119236026, 0.043047185427152336, 0.38576104635978814]]}, "ARNT": {"ppm": [[0.22141823444283648, 0.21273516642547033, 0.37337192474674386, 0.19247467438494936], [0.18958031837916064, 0.23733719247467439, 0.5036179450072359, 0.0694645441389291], [0.14905933429811866, 0.053545586107091175, 0.32416787264833574, 0.4732272069464544], [0.8581765557163531, 0.02604920405209841, 0.09261939218523878, 0.023154848046309694], [0.013024602026049204, 0.9725036179450073, 0.002894356005788712, 0.011577424023154847], [0.011577424023154847, 0.011577424023154847, 0.9681620839363242, 0.008683068017366137], [0.008683068017366137, 0.011577424023154847, 0.00723589001447178, 0.9725036179450073], [0.0, 0.004341534008683068, 0.9884225759768451, 0.00723589001447178], [0.28798842257597684, 0.5137481910274964, 0.06512301013024602, 0.13314037626628075], [0.16931982633863965, 0.41244573082489144, 0.18668596237337193, 0.23154848046309695]], "weights": [[-1.633577585220337, -1.8887220621109009, -1.0185497999191284, -3.1593899726867676], [-1.03043794631958, -2.0750856399536133, 3.131068706512451, -7.050136089324951], [-2.2608485221862793, -10.935737609863281, 0.31816601753234863, 5.77663516998291], [12.885014533996582, -8.167411804199219, -5.7054877281188965, -6.291660308837891], [-7.227660655975342, 18.511505126953125, -9.436738967895508, -9.002802848815918], [-7.238463878631592, -9.278897285461426, 17.98196029663086, -8.798665046691895], [-6.195550918579102, -5.987760543823242, -8.473034858703613, 13.969233512878418], [-5.73625373840332, -7.526367664337158, 12.458684921264648, -5.7500176429748535], [0.6515751481056213, 2.7003257274627686, -7.6506781578063965, -2.877945899963379], [-4.33574914932251, 1.1241481304168701, -2.847515344619751, -1.5947688817977905]], "orientation": "reverse", "trimmed_ppm": [[0.1895805600569204, 0.23733724312570187, 0.5036169305395137, 0.06946526627786398], [0.14905973805916645, 0.0535463719216035, 0.32416757597803186, 0.4732263140411983], [0.858174123019861, 0.026050099851699, 0.09262002170515195, 0.023155755423288], [0.013025549923849506, 0.9725007279420954, 0.002895344424411014, 0.011578377709644006], [0.011578377709644006, 0.011578377709644006, 0.9681592112994789, 0.00868403328123301], [0.00868403328123301, 0.011578377709644006, 0.007236861067027511, 0.9725007279420954], [9.99996000016e-07, 0.004342516638616514, 0.9884196222983561, 0.007236861067027513], [0.2879882706228943, 0.5137471360389522, 0.06512374963524747, 0.13314084370290594]]}, "ARNTL": {"ppm": [[0.30284659989457036, 0.2140221402214022, 0.3326304691618345, 0.15050079072219294], [0.2198207696362678, 0.21560358460727463, 0.47443331576172904, 0.09014232999472852], [0.11597258829731154, 0.09673168160253032, 0.3260411175540327, 0.4612546125461255], [0.011333684765419082, 0.9725882973115445, 0.007643647865050079, 0.008434370057986295], [0.9649446494464945, 0.010279388508170796, 0.012124406958355299, 0.012651555086979441], [0.004217185028993147, 0.9625724828676858, 0.021349499209277808, 0.011860832894043227], [0.16499736425935688, 0.04428044280442804, 0.7851871375856616, 0.005535055350553505], [0.023721665788086453, 0.07142857142857142, 0.02055877701634159, 0.8842909857670005], [0.007380073800738007, 0.006062203479177649, 0.8745387453874539, 0.11201897733263047], [0.03848181338956247, 0.23405376910911965, 0.44649446494464945, 0.2809699525566684], [0.24907749077490776, 0.37849235635213496, 0.1852925672113864, 0.1871375856615709]], "weights": [[-0.42884430289268494, -1.8733078241348267, -0.8922703266143799, -2.8671693801879883], [-0.8691979050636292, -2.4228951930999756, 2.0320608615875244, -4.827486991882324], [-2.926342487335205, -4.7106218338012695, -0.9482300281524658, 2.1132636070251465], [-4.714514255523682, 11.456114768981934, -8.379901885986328, -4.798422336578369], [13.793025970458984, -8.655333518981934, -5.361873149871826, -6.235016345977783], [-10.059747695922852, 16.152803421020508, -7.266155242919922, -5.633893966674805], [-0.6625701785087585, -7.73452615737915, 14.333745956420898, -11.727402687072754], [-6.987028121948242, -2.3771252632141113, -8.988304138183594, 11.692946434020996], [-5.988937854766846, -9.036087989807129, 9.907115936279297, -0.5647557377815247], [-5.2924394607543945, -1.5803804397583008, 0.5401302576065063, 0.7022179961204529], [-1.3352501392364502, -0.13687939941883087, -3.8498623371124268, -1.7233694791793823]], "orientation": "reverse", "trimmed_ppm": [[0.1159731244048139, 0.09673229467335161, 0.32604081339077906, 0.4612537675310553], [0.011334639426861375, 0.9725854069699168, 0.007644617286580934, 0.008435336316641028], [0.9649417896793357, 0.010280347386781246, 0.012125358456921469, 0.012652504476961531], [0.004218168156320522, 0.9625696325891554, 0.021350413807622575, 0.011861785446901437], [0.1649977042685398, 0.04428126567936532, 0.7851849968456741, 0.005536033206420679], [0.02372257089780286, 0.07142928571142858, 0.02055969477756248, 0.884288448613206], [0.0073810442765609, 0.006063179226460743, 0.8745362472424648, 0.11201952925451344], [0.03848265945892464, 0.23405383289378812, 0.4464936789699336, 0.2809698286773537]]}, "ASCL1": {"ppm": [[0.40555711479090656, 0.032837496491720464, 0.4825989334830199, 0.07900645523435307], [0.15141734493404435, 0.11507156890261017, 0.7309851248947516, 0.0025259612685938817], [0.0008419870895312938, 0.9966320516418748, 0.0012629806342969408, 0.0012629806342969408], [0.9962110580971092, 0.0012629806342969408, 0.001122649452708392, 0.0014033118158854898], [0.0016839741790625876, 0.001122649452708392, 0.9962110580971092, 0.0009823182711198428], [0.02904855458882964, 0.4738984002245299, 0.49550940218916645, 0.0015436429974740387], [0.0009823182711198428, 0.000561324726354196, 0.0012629806342969408, 0.997193376368229], [0.0018243053606511366, 0.0007016559079427449, 0.9957900645523435, 0.0016839741790625876], [0.041959023294976146, 0.47179343250070166, 0.25877069884928433, 0.2274768453550379], [0.32991860791467864, 0.14201515576761156, 0.23280943025540274, 0.29525680606230703], [0.1647488071849565, 0.2610159977547011, 0.3836654504630929, 0.1905697445972495]], "weights": [[0.8743858933448792, -6.1905694007873535, 1.7625960111618042, -4.684638023376465], [0.6567235589027405, -2.5333199501037598, 5.356443405151367, -11.178540229797363], [-7.795242786407471, 14.264242172241211, -8.476879119873047, -4.701951503753662], [13.567609786987305, -5.380107879638672, -6.585012435913086, -8.653887748718262], [-7.72849178314209, -4.291900157928467, 11.731139183044434, -7.782010078430176], [-5.6713080406188965, 4.880942344665527, 5.092949390411377, -11.578984260559082], [-8.637909889221191, -6.039764881134033, -7.856725692749023, 15.104701042175293], [-5.293056488037109, -8.484882354736328, 13.71041488647461, -7.877586841583252], [-9.2522554397583, 2.7349860668182373, -1.8012057542800903, 0.4083626866340637], [-0.9321889281272888, -3.969081401824951, -2.5192108154296875, -0.8716645836830139], [-3.3364086151123047, -1.0103998184204102, -0.8780145049095154, -2.2216312885284424]], "orientation": "forward", "trimmed_ppm": [[0.4055564925649363, 0.03283836513825991, 0.4825980030910076, 0.07900713920579626], [0.15141773926308727, 0.1150721086141757, 0.7309832009619478, 0.002526951160789238], [0.0008429837175964233, 0.9966290651256142, 0.001263975578394627, 0.001263975578394627], [0.9962080732648163, 0.0012639755783946274, 0.0011236449581285594, 0.0014043061986606952], [0.0016849674391928306, 0.0011236449581285592, 0.9962080732648161, 0.0009833143378624911], [0.02904943839107607, 0.47389750463451125, 0.49550842015548574, 0.0015446368189267628], [0.0009833143378624911, 0.0005623224770642877, 0.001263975578394627, 0.9971903876066786], [0.0018252980594588985, 0.0007026530973303555, 0.9957870814040178, 0.0016849674391928306], [0.04195985545555432, 0.47179254533052023, 0.2587706637666292, 0.22747693544729608]]}, "ATF1": {"ppm": [[0.2563256325632563, 0.27832783278327833, 0.1573157315731573, 0.30803080308030806], [0.31573157315731576, 0.1331133113311331, 0.385038503850385, 0.16611661166116612], [0.37513751375137516, 0.10231023102310231, 0.5027502750275028, 0.019801980198019802], [0.011001100110011002, 0.014301430143014302, 0.014301430143014302, 0.9603960396039604], [0.015401540154015401, 0.0352035203520352, 0.9130913091309131, 0.036303630363036306], [0.9460946094609461, 0.005500550055005501, 0.0319031903190319, 0.0165016501650165], [0.0121012101210121, 0.9306930693069307, 0.013201320132013201, 0.04400440044004401], [0.047304730473047306, 0.005500550055005501, 0.9295929592959296, 0.0176017601760176], [0.05500550055005501, 0.23322332233223322, 0.0165016501650165, 0.6952695269526953], [0.341034103410341, 0.44004400440044006, 0.13641364136413642, 0.08250825082508251], [0.5962596259625963, 0.11661166116611661, 0.1551155115511551, 0.132013201320132], [0.1276127612761276, 0.36743674367436746, 0.2629262926292629, 0.24202420242024203]], "weights": [[-2.1263644695281982, -1.6857959032058716, -4.315042018890381, 0.7845778465270996], [-0.5726227760314941, -4.332018852233887, 0.08213916420936584, -2.841557502746582], [3.9419121742248535, -5.407886981964111, 3.2049782276153564, -9.017102241516113], [-7.8203229904174805, -5.812394618988037, -6.9984941482543945, 13.546282768249512], [-5.823418140411377, -5.541087627410889, 8.501075744628906, -3.6616692543029785], [13.5829496383667, -10.028253555297852, -5.491672515869141, -5.181507110595703], [-8.41468334197998, 14.37215805053711, -9.269619941711426, -3.018289566040039], [-2.8145246505737305, -9.045284271240234, 12.647319793701172, -7.934628963470459], [-4.523483753204346, -0.31283053755760193, -11.783954620361328, 10.034934043884277], [2.9178273677825928, 0.32427743077278137, -4.558056354522705, -5.8480963706970215], [5.051309108734131, -5.60331916809082, -3.4489221572875977, -3.2436444759368896], [-4.7494378089904785, 0.5906244516372681, -3.040445566177368, 0.36375197768211365]], "orientation": "reverse", "trimmed_ppm": [[0.37513701320332227, 0.10231082177981518, 0.5027492640304466, 0.019802900986415857], [0.011002056101786594, 0.014302372933522569, 0.014302372933522569, 0.9603931980311684], [0.015402478544101225, 0.03520437953451707, 0.9130886567762861, 0.03630448514509573], [0.9460918250936456, 0.005501528048893305, 0.03190406270278109, 0.01650258415467988], [0.012102161712365249, 0.9306903465455445, 0.013202267322943908, 0.044005224419146324], [0.0473055412508823, 0.005501528048893305, 0.9295902409349658, 0.01760268976525854], [0.0550062805249329, 0.23322338943867543, 0.01650258415467988, 0.6952677458817117], [0.34103373927538394, 0.44004324422746316, 0.1364140957077536, 0.08250892078939936], [0.5962582409296325, 0.11661219471733773, 0.15511589108759075, 0.13201367326543892]]}, "ATF2": {"ppm": [[0.3066967644845749, 0.16847253574115878, 0.19337848006019565, 0.33145221971407074], [0.34258841234010534, 0.13167795334838225, 0.38246802106847255, 0.14326561324303988], [0.7837471783295711, 0.005342362678705794, 0.2035364936042137, 0.007373965387509405], [0.00030097817908201655, 0.004740406320541761, 0.0003762227238525207, 0.9945823927765237], [0.0017306245297215952, 0.004815650865312265, 0.9510158013544018, 0.042437923250564336], [0.9972911963882618, 0.0006019563581640331, 0.0007524454477050414, 0.0013544018058690745], [0.0013544018058690745, 0.23318284424379232, 0.12174567343867569, 0.6437170805116629], [0.001655379984951091, 0.003987960872836719, 0.9935289691497367, 0.0008276899924755455], [0.012866817155756207, 0.012641083521444696, 0.0007524454477050414, 0.9737396538750941], [0.1872084273890143, 0.8016553799849511, 0.007223476297968397, 0.003912716328066215], [0.9800601956358164, 0.0008276899924755455, 0.008126410835214447, 0.010985703536493604], [0.008126410835214447, 0.13002257336343115, 0.054853273137697514, 0.8069977426636569], [0.1765989465763732, 0.3599699021820918, 0.19706546275395034, 0.26636568848758463]], "weights": [[-2.828340530395508, -1.8543874025344849, -2.4133384227752686, -1.5914475917816162], [-1.7901126146316528, -4.023362636566162, 1.3659462928771973, -4.397174835205078], [8.343585968017578, -8.660545349121094, 2.3077096939086914, -11.00360107421875], [-9.88556957244873, -2.4548468589782715, -9.268383979797363, 12.144783020019531], [-9.330720901489258, -9.721238136291504, 12.304510116577148, -1.6177295446395874], [14.013226509094238, -7.642691135406494, -6.82188606262207, -8.49387264251709], [-14.838817596435547, 12.307969093322754, -6.9467387199401855, 0.037557415664196014], [-5.31486701965332, -7.841495513916016, 15.6907377243042, -12.1494779586792], [-7.956404209136963, -4.4539875984191895, -8.894752502441406, 12.304149627685547], [2.4722113609313965, 10.24282455444336, -11.277912139892578, -10.41360092163086], [11.522597312927246, -9.519004821777344, -3.290349006652832, -8.057820320129395], [-11.768789291381836, 0.7306210994720459, -6.02210807800293, 7.748067855834961], [-4.086538314819336, 1.1902388334274292, -3.255650043487549, -2.9799208641052246]], "orientation": "reverse", "trimmed_ppm": [[0.7837450433493977, 0.005343341305340572, 0.20353667945749584, 0.007374935887765854], [0.00030197697117413186, 0.00474138735499234, 0.00037722121496766076, 0.9945794144588658], [0.0017316176032511818, 0.004816631598785869, 0.9510129973024125, 0.042438753495550346], [0.997288207235433, 0.0006029539463482479, 0.0007534424339353058, 0.0013553963842835373], [0.001355396384283537, 0.23318291151214623, 0.12174618645392986, 0.6437155056496402], [0.001656373359457653, 0.00398894491705705, 0.9935259950457563, 0.0008286866777288345], [0.012867765684693467, 0.012642032953312881, 0.0007534424339353055, 0.9737367589280583], [0.1872086785543001, 0.8016531733722577, 0.007224447400178797, 0.003913700673263522], [0.9800572754067148, 0.0008286866777288347, 0.008127378325701144, 0.010986659589855246], [0.008127378325701142, 0.13002305327121805, 0.054854053721482623, 0.806995514681598]]}, "ATF3": {"ppm": [[0.2458407985666752, 0.1186332224212951, 0.46135142052725875, 0.17417455848477092], [0.4961607371384694, 0.18249296135142054, 0.30483747120552857, 0.016508830304581522], [0.002047606859482979, 0.0016636805733299207, 0.002047606859482979, 0.9942411057077041], [0.0034553365753775276, 0.005246992577425134, 0.9219349884822114, 0.06936268236498593], [0.9733811108267213, 0.002047606859482979, 0.015740977732275403, 0.008830304581520348], [0.009598157153826465, 0.6938827745072946, 0.015101100588686972, 0.28141796775019196], [0.02393140517020732, 0.004863066291272076, 0.34271819810596366, 0.628487330432557], [0.09316611210647556, 0.7990785769132327, 0.007550550294343486, 0.1002047606859483], [0.8648579472741234, 0.09022267724596877, 0.025339134886101868, 0.01958024059380599], [0.4099052981827489, 0.15062707960071667, 0.2022011773739442, 0.2372664448425902], [0.1503711287432813, 0.3388789352444331, 0.1791656002047607, 0.33158433580752494]], "weights": [[-1.5147922039031982, -4.277525424957275, 2.5332236289978027, -2.102951765060425], [4.4464921951293945, -2.109699010848999, 1.18506920337677, -8.015192031860352], [-6.0109333992004395, -4.584846496582031, -6.482252597808838, 11.933987617492676], [-6.357089996337891, -7.379324913024902, 8.314090728759766, 0.36325690150260925], [11.476170539855957, -6.590918064117432, -4.427790641784668, -4.194960117340088], [-7.8383893966674805, 9.1121244430542, -8.115065574645996, 2.552494764328003], [-7.930807590484619, -9.903114318847656, 6.581026554107666, 5.079407691955566], [-2.388319969177246, 5.784360408782959, -9.0077486038208, -1.5976166725158691], [6.697881698608398, -3.0037283897399902, -2.099958658218384, -6.042116165161133], [2.451324462890625, -2.9967658519744873, -2.029287815093994, -0.5635707974433899], [-3.4212090969085693, 0.38086050748825073, -3.2124550342559814, -0.23080997169017792]], "orientation": "forward", "trimmed_ppm": [[0.4961597524994594, 0.18249323137849505, 0.30483725185652116, 0.016509764265524463], [0.002048598665088319, 0.0016646739146342622, 0.002048598665088319, 0.9942381287551892], [0.003456322750086527, 0.005247971585538792, 0.9219323007530084, 0.06936340491136628], [0.9733782173138522, 0.002048598665088319, 0.01574191476461635, 0.008831269256443322], [0.009599118757351434, 0.6938809989832987, 0.015102040180526247, 0.2814178420788236], [0.023932309440969555, 0.004864046835084735, 0.34271782723465466, 0.628485816489291], [0.0931667394395178, 0.7990763806077102, 0.007551520088263132, 0.10020535986450883], [0.8648554878521719, 0.09022331635270335, 0.025340033525967764, 0.01958116226915691]]}, "ATF4": {"ppm": [[0.2909524246035384, 0.16720139334494455, 0.3362361353011275, 0.20561004675038957], [0.6030800256668806, 0.21615180126501055, 0.16967641397011643, 0.011091759097992484], [0.003941699514162618, 0.009625080209001742, 0.001558346319552663, 0.984874873957283], [0.007975066458887157, 0.006875057292144101, 0.9546246218718489, 0.03052525437711981], [0.9601246677055643, 0.008433403611696763, 0.016041800348336237, 0.015400128334402787], [0.006416720139334494, 0.048217068475570626, 0.013108442570354753, 0.9322577688147401], [0.0027500229168576406, 0.0026583554862957192, 0.9876248968741406, 0.006966724722706022], [0.155009625080209, 0.6816390136584471, 0.003850032083600697, 0.15950132917774315], [0.9642497020808507, 0.03254193784948208, 0.001833348611238427, 0.0013750114584288203], [0.9955082959024658, 0.0006416720139334495, 0.001833348611238427, 0.0020166834723622695], [0.03171693097442479, 0.2348519570996425, 0.1073425611880099, 0.6260885507379228], [0.38619488495737464, 0.2911357594646622, 0.12439270327252727, 0.19827665230543587]], "weights": [[-3.4073987007141113, -2.49267315864563, 0.3643966317176819, -3.2701492309570312], [4.066432952880859, 0.6405344605445862