{
  "ADNP": {
    "trimmed_ppm": [
      [
        0.07484993791844625,
        0.21213211316008937,
        0.0702383919800965,
        0.6427795569413678
      ],
      [
        0.49982163285252507,
        0.1383473781464931,
        0.1926217264978404,
        0.16920926250314156
      ],
      [
        0.18410810322704077,
        0.12841481766389357,
        0.12593167754324372,
        0.5615454015658218
      ],
      [
        0.13834737814649306,
        0.41539486875042914,
        0.17204713692674137,
        0.27421061617633624
      ],
      [
        0.03263655586739839,
        0.738912553040813,
        0.033700758776248334,
        0.19475013231554028
      ],
      [
        0.03334602447329834,
        0.8361097520491081,
        0.017737715143499127,
        0.11280650833409436
      ],
      [
        0.05569428555914723,
        0.8105688822367095,
        0.02093032387004897,
        0.11280650833409438
      ],
      [
        0.79744371302756,
        0.04647119368244769,
        0.0940055902777453,
        0.062079503012246906
      ],
      [
        0.05143747392374743,
        0.08336356118924583,
        0.05356587974144733,
        0.8116330851455593
      ],
      [
        0.04966380240899752,
        0.05498481695324726,
        0.06101530010339695,
        0.8343360805343581
      ],
      [
        0.06456264313289678,
        0.06775525185944663,
        0.08123515537154594,
        0.7864469496361106
      ],
      [
        0.06988365767714651,
        0.16317877935299183,
        0.07272153210074637,
        0.6942160308691152
      ],
      [
        0.783963809515461,
        0.08052568676564599,
        0.08974877864234553,
        0.04576172507654773
      ],
      [
        0.06917418907124653,
        0.7743859833358112,
        0.030508150049698486,
        0.12593167754324372
      ],
      [
        0.9106039556686045,
        0.020220855264149008,
        0.036893367502798174,
        0.03228182156444841
      ],
      [
        0.05888689428569706,
        0.014899840719899268,
        0.8811610085237558,
        0.045052256470647756
      ],
      [
        0.8116330851455594,
        0.057113222770947165,
        0.10819496239574461,
        0.023058729687748865
      ],
      [
        0.14402312699369277,
        0.10110027633674495,
        0.052856411135547364,
        0.7020201855340148
      ],
      [
        0.25044341787868746,
        0.028734478534948572,
        0.6615804749977169,
        0.059241628588647045
      ],
      [
        0.6012756434962199,
        0.0581774256797971,
        0.27562955338813616,
        0.06491737743584676
      ],
      [
        0.2965588772621851,
        0.03902177332049806,
        0.6246881074909186,
        0.03973124192639803
      ],
      [
        0.4068812454796296,
        0.06207950301224692,
        0.4781828403725761,
        0.05285641113554738
      ],
      [
        0.840721297987458,
        0.057467957073897145,
        0.07414046931254632,
        0.027670275626098636
      ],
      [
        0.7690649687915616,
        0.08088042106859598,
        0.09506979318659527,
        0.05498481695324727
      ],
      [
        0.8020552589659098,
        0.062079503012246906,
        0.1021644792455949,
        0.03370075877624833
      ],
      [
        0.13480003511699326,
        0.680026658751116,
        0.05995109719454701,
        0.12522220893734373
      ],
      [
        0.1479252043261426,
        0.11848225718129407,
        0.0780425466449961,
        0.6555499918475671
      ],
      [
        0.19971641255684,
        0.029089212837898556,
        0.7261421181346136,
        0.045052256470647756
      ],
      [
        0.7775785920623612,
        0.07130259488894646,
        0.10748549378984465,
        0.043633319258847836
      ],
      [
        0.179851291591641,
        0.056758488467997165,
        0.7155000890461142,
        0.047890130894247616
      ],
      [
        0.15963143632349203,
        0.07662360943319617,
        0.6590973348770669,
        0.10464761936624477
      ],
      [
        0.10039080773084498,
        0.6076608609493196,
        0.10677602518394465,
        0.18517230613589072
      ],
      [
        0.29975148598873497,
        0.23412563994298827,
        0.07555940652434623,
        0.3905634675439304
      ],
      [
        0.19155752358899045,
        0.5271361741796737,
        0.09968133912494503,
        0.18162496310639092
      ],
      [
        0.6449079627590677,
        0.09542452748954523,
        0.17949655728869102,
        0.080170952462696
      ],
      [
        0.258602306846537,
        0.08123515537154594,
        0.5824747254398709,
        0.07768781234204612
      ],
      [
        0.5693495562307215,
        0.0858467013098957,
        0.25363602660523726,
        0.09116771585414545
      ],
      [
        0.3174882011362341,
        0.07875201525089608,
        0.4959195555200752,
        0.10784022809279463
      ],
      [
        0.5477107637507725,
        0.11635385136359418,
        0.20290902128338983,
        0.13302636360224335
      ]
    ]
  },
  "AHR": {
    "trimmed_ppm": [
      [
        0.21424449739375337,
        0.04806102779063117,
        0.41111690040790505,
        0.32657757440771046
      ],
      [
        0.004054255352173727,
        0.9913114528201991,
        0.0005800364754534032,
        0.004054255352173727
      ],
      [
        0.9973913358544596,
        0.0011590729549067903,
        0.0005800364754534032,
        0.0008695547151800969
      ],
      [
        0.0011590729549067907,
        0.9128520098542652,
        0.006949437749440665,
        0.0790394794413874
      ],
      [
        0.012739802543974535,
        0.001448591194633484,
        0.9843630150667584,
        0.001448591194633484
      ],
      [
        0.15836747712650143,
        0.5379258894081969,
        0.17081676143474928,
        0.1328898720305524
      ],
      [
        0.525476605099949,
        0.14910289345524722,
        0.14128590098262653,
        0.18413460046217717
      ]
    ]
  },
  "AHRR": {
    "trimmed_ppm": [
      [
        0.23073381033656296,
        0.179511126440958,
        0.08583360544268943,
        0.5039214577797896
      ],
      [
        0.12228938947649838,
        0.318873743886658,
        0.3991687618851739,
        0.15966810475166957
      ],
      [
        0.15920663913098845,
        0.019382556064607304,
        0.5782174227094509,
        0.24319338209495336
      ],
      [
        0.022612815409375184,
        0.9700017346677268,
        0.0036927249614490234,
        0.0036927249614490234
      ],
      [
        0.9949208781845075,
        0.0013853968580433936,
        0.002769793720086772,
        0.0009239312373622678
      ],
      [
        0.002769793720086772,
        0.93446888187528,
        0.006461518685535779,
        0.05629980571909738
      ],
      [
        0.01615229671983942,
        0.002769793720086772,
        0.9760007877365813,
        0.0050771218234924005
      ],
      [
        0.1324416331314832,
        0.7263478869480924,
        0.09367852099426859,
        0.047531958926156
      ],
      [
        0.5989833756401016,
        0.11259861144219477,
        0.16243689847575635,
        0.12598111444194743
      ],
      [
        0.4900774891593558,
        0.27272718181854544,
        0.14905439547600371,
        0.08814093354609508
      ]
    ]
  },
  "AR": {
    "trimmed_ppm": [
      [
        0.5976807284823841,
        0.18046385430352316,
        0.09602710595780133,
        0.1258283112562914
      ],
      [
        0.6341044238472052,
        0.15562951655478144,
        0.0811265033085563,
        0.12913955628945695
      ],
      [
        0.6456937814632847,
        0.0894046158914702,
        0.13245080132262252,
        0.13245080132262252
      ],
      [
        0.08443774834172185,
        0.5281445827859073,
        0.11258333112362914,
        0.27483433774874166
      ],
      [
        0.6225150662311257,
        0.10099397350754967,
        0.09437148344121854,
        0.18211947682010593
      ],
      [
        0.25,
        0.22682128476784108,
        0.2947018079477351,
        0.22847690728442388
      ],
      [
        0.2947018079477351,
        0.31953614569647687,
        0.15894076158794704,
        0.22682128476784108
      ],
      [
        0.3079467880803974,
        0.31291365563014567,
        0.2086094370854305,
        0.17053011920402653
      ],
      [
        0.39403915894270203,
        0.18377509933668876,
        0.18377509933668876,
        0.23841064238392054
      ],
      [
        0.4486747019899338,
        0.014901602645245048,
        0.4354297218572715,
        0.1009939735075497
      ],
      [
        0.11423895364021192,
        0.009934735095496703,
        0.8195341457044767,
        0.05629216555981458
      ],
      [
        0.4420522119236026,
        0.1357620463557881,
        0.1804638543035232,
        0.24172188741708614
      ],
      [
        0.9321164768321059,
        0.023179715228158954,
        0.014901602645245045,
        0.029802205294490076
      ],
      [
        0.0016566225125827971,
        0.9337720993486887,
        0.023179715228158954,
        0.04139156291056955
      ],
      [
        0.7748323377567415,
        0.03476907284423842,
        0.09933835099096688,
        0.09106023840805297
      ],
      [
        0.1605963841045298,
        0.2947018079477351,
        0.302979920530649,
        0.24172188741708614
      ],
      [
        0.2831124503316556,
        0.2086094370854305,
        0.2185431721849272,
        0.28973494039798675
      ],
      [
        0.2748343377487417,
        0.28807931788140395,
        0.302979920530649,
        0.13410642383920532
      ],
      [
        0.197020079469351,
        0.057947788076397354,
        0.04470280794373511,
        0.7003293245105164
      ],
      [
        0.05629216555981458,
        0.038080317877403985,
        0.8807921788180396,
        0.024835337744741733
      ],
      [
        0.10927208609046357,
        0.06622590065931126,
        0.038080317877403985,
        0.786421695372821
      ],
      [
        0.31291365563014567,
        0.21026505960201325,
        0.14569578145528478,
        0.3311255033125563
      ],
      [
        0.10596084105729801,
        0.6837730993446887,
        0.024835337744741733,
        0.1854307218532715
      ],
      [
        0.12913955628945697,
        0.4420522119236026,
        0.043047185427152336,
        0.38576104635978814
      ]
    ]
  },
  "ARNT": {
    "trimmed_ppm": [
      [
        0.1895805600569204,
        0.23733724312570187,
        0.5036169305395137,
        0.06946526627786398
      ],
      [
        0.14905973805916645,
        0.0535463719216035,
        0.32416757597803186,
        0.4732263140411983
      ],
      [
        0.858174123019861,
        0.026050099851699,
        0.09262002170515195,
        0.023155755423288
      ],
      [
        0.013025549923849506,
        0.9725007279420954,
        0.002895344424411014,
        0.011578377709644006
      ],
      [
        0.011578377709644006,
        0.011578377709644006,
        0.9681592112994789,
        0.00868403328123301
      ],
      [
        0.00868403328123301,
        0.011578377709644006,
        0.007236861067027511,
        0.9725007279420954
      ],
      [
        9.99996000016e-07,
        0.004342516638616514,
        0.9884196222983561,
        0.007236861067027513
      ],
      [
        0.2879882706228943,
        0.5137471360389522,
        0.06512374963524747,
        0.13314084370290594
      ]
    ]
  },
  "ARNTL": {
    "trimmed_ppm": [
      [
        0.1159731244048139,
        0.09673229467335161,
        0.32604081339077906,
        0.4612537675310553
      ],
      [
        0.011334639426861375,
        0.9725854069699168,
        0.007644617286580934,
        0.008435336316641028
      ],
      [
        0.9649417896793357,
        0.010280347386781246,
        0.012125358456921469,
        0.012652504476961531
      ],
      [
        0.004218168156320522,
        0.9625696325891554,
        0.021350413807622575,
        0.011861785446901437
      ],
      [
        0.1649977042685398,
        0.04428126567936532,
        0.7851849968456741,
        0.005536033206420679
      ],
      [
        0.02372257089780286,
        0.07142928571142858,
        0.02055969477756248,
        0.884288448613206
      ],
      [
        0.0073810442765609,
        0.006063179226460743,
        0.8745362472424648,
        0.11201952925451344
      ],
      [
        0.03848265945892464,
        0.23405383289378812,
        0.4464936789699336,
        0.2809698286773537
      ]
    ]
  },
  "ASCL1": {
    "trimmed_ppm": [
      [
        0.4055564925649363,
        0.03283836513825991,
        0.4825980030910076,
        0.07900713920579626
      ],
      [
        0.15141773926308727,
        0.1150721086141757,
        0.7309832009619478,
        0.002526951160789238
      ],
      [
        0.0008429837175964233,
        0.9966290651256142,
        0.001263975578394627,
        0.001263975578394627
      ],
      [
        0.9962080732648163,
        0.0012639755783946274,
        0.0011236449581285594,
        0.0014043061986606952
      ],
      [
        0.0016849674391928306,
        0.0011236449581285592,
        0.9962080732648161,
        0.0009833143378624911
      ],
      [
        0.02904943839107607,
        0.47389750463451125,
        0.49550842015548574,
        0.0015446368189267628
      ],
      [
        0.0009833143378624911,
        0.0005623224770642877,
        0.001263975578394627,
        0.9971903876066786
      ],
      [
        0.0018252980594588985,
        0.0007026530973303555,
        0.9957870814040178,
        0.0016849674391928306
      ],
      [
        0.04195985545555432,
        0.47179254533052023,
        0.2587706637666292,
        0.22747693544729608
      ]
    ]
  },
  "ATF1": {
    "trimmed_ppm": [
      [
        0.37513701320332227,
        0.10231082177981518,
        0.5027492640304466,
        0.019802900986415857
      ],
      [
        0.011002056101786594,
        0.014302372933522569,
        0.014302372933522569,
        0.9603931980311684
      ],
      [
        0.015402478544101225,
        0.03520437953451707,
        0.9130886567762861,
        0.03630448514509573
      ],
      [
        0.9460918250936456,
        0.005501528048893305,
        0.03190406270278109,
        0.01650258415467988
      ],
      [
        0.012102161712365249,
        0.9306903465455445,
        0.013202267322943908,
        0.044005224419146324
      ],
      [
        0.0473055412508823,
        0.005501528048893305,
        0.9295902409349658,
        0.01760268976525854
      ],
      [
        0.0550062805249329,
        0.23322338943867543,
        0.01650258415467988,
        0.6952677458817117
      ],
      [
        0.34103373927538394,
        0.44004324422746316,
        0.1364140957077536,
        0.08250892078939936
      ],
      [
        0.5962582409296325,
        0.11661219471733773,
        0.15511589108759075,
        0.13201367326543892
      ]
    ]
  },
  "ATF2": {
    "trimmed_ppm": [
      [
        0.7837450433493977,
        0.005343341305340572,
        0.20353667945749584,
        0.007374935887765854
      ],
      [
        0.00030197697117413186,
        0.00474138735499234,
        0.00037722121496766076,
        0.9945794144588658
      ],
      [
        0.0017316176032511818,
        0.004816631598785869,
        0.9510129973024125,
        0.042438753495550346
      ],
      [
        0.997288207235433,
        0.0006029539463482479,
        0.0007534424339353058,
        0.0013553963842835373
      ],
      [
        0.001355396384283537,
        0.23318291151214623,
        0.12174618645392986,
        0.6437155056496402
      ],
      [
        0.001656373359457653,
        0.00398894491705705,
        0.9935259950457563,
        0.0008286866777288345
      ],
      [
        0.012867765684693467,
        0.012642032953312881,
        0.0007534424339353055,
        0.9737367589280583
      ],
      [
        0.1872086785543001,
        0.8016531733722577,
        0.007224447400178797,
        0.003913700673263522
      ],
      [
        0.9800572754067148,
        0.0008286866777288347,
        0.008127378325701144,
        0.010986659589855246
      ],
      [
        0.008127378325701142,
        0.13002305327121805,
        0.054854053721482623,
        0.806995514681598
      ]
    ]
  },
  "ATF3": {
    "trimmed_ppm": [
      [
        0.4961597524994594,
        0.18249323137849505,
        0.30483725185652116,
        0.016509764265524463
      ],
      [
        0.002048598665088319,
        0.0016646739146342622,
        0.002048598665088319,
        0.9942381287551892
      ],
      [
        0.003456322750086527,
        0.005247971585538792,
        0.9219323007530084,
        0.06936340491136628
      ],
      [
        0.9733782173138522,
        0.002048598665088319,
        0.01574191476461635,
        0.008831269256443322
      ],
      [
        0.009599118757351434,
        0.6938809989832987,
        0.015102040180526247,
        0.2814178420788236
      ],
      [
        0.023932309440969555,
        0.004864046835084735,
        0.34271782723465466,
        0.628485816489291
      ],
      [
        0.0931667394395178,
        0.7990763806077102,
        0.007551520088263132,
        0.10020535986450883
      ],
      [
        0.8648554878521719,
        0.09022331635270335,
        0.025340033525967764,
        0.01958116226915691
      ]
    ]
  },
  "ATF4": {
    "trimmed_ppm": [
      [
        0.6030786133524271,
        0.2161519366572639,
        0.16967673526317537,
        0.011092714727133574
      ],
      [
        0.003942683743427644,
        0.009626041704834921,
        0.0015593400821923339,
        0.984871934469545
      ],
      [
        0.007976034554748936,
        0.006876029788024948,
        0.9546218033846353,
        0.030526132272590715
      ],
      [
        0.9601218272182553,
        0.008434369874217265,
        0.016042736177391527,
        0.015401066730135865
      ],
      [
        0.0064176944685566195,
        0.048217875604068205,
        0.013109390132794219,
        0.9322550397945808
      ],
      [
        0.0027510119128099893,
        0.002659344848916323,
        0.9876219463863549,
        0.0069676968519186136
      ],
      [
        0.1550100050401888,
        0.6816372871092986,
        0.0038510166795339786,
        0.15950169117097845
      ],
      [
        0.9642468450934703,
        0.032542807678251365,
        0.001834341273873331,
        0.0013760059544050023
      ],
      [
        0.9955053138812104,
        0.0006426694432556765,
        0.0018343412738733315,
        0.002017675401660663
      ],
      [
        0.031717804103208375,
        0.23485201769157169,
        0.10734313181548263,
        0.6260870463897372
      ]
    ]
  },
  "ATF7": {
    "trimmed_ppm": [
      [
        0.780000270627653,
        0.014583776950572332,
        0.19794426751052263,
        0.007471684911252228
      ],
      [
        0.001554902458372476,
        0.006814264638710033,
        0.002212322730914671,
        0.9894185101720029
      ],
      [
        0.0018537298549825643,
        0.004124818069219237,
        0.9597748324282821,
        0.03424661964751616
      ],
      [
        0.986729063602512,
        0.0025111501275247587,
        0.005977547928201784,
        0.00478223834176143
      ],
      [
        0.004065052589897218,
        0.22657193210576904,
        0.12341671479596653,
        0.6459463005083671
      ],
      [
        0.0019732608136266,
        0.00914511833226872,
        0.9850556301814954,
        0.0038259906726091477
      ],
      [
        0.04040246401768397,
        0.1524029722671451,
        0.0036466942346430947,
        0.8035478694805278
      ],
      [
        0.3297869148948936,
        0.6566443213070084,
        0.008487698059726528,
        0.00508106573837152
      ],
      [
        0.9815892323808186,
        0.0016146679376944936,
        0.007531450390574245,
        0.009264649290912757
      ],
      [
        0.009623242166844863,
        0.1357284035363022,
        0.06132038178039017,
        0.7933279725164629
      ]
    ]
  },
  "ATOH1": {
    "trimmed_ppm": [
      [
        0.5188780874855264,
        0.07251327015824169,
        0.3459622203879237,
        0.06264642196830808
      ],
      [
        0.380224268039583,
        0.20192177515849943,
        0.40772713622254747,
        0.010126820579370192
      ],
      [
        0.002202265340210924,
        0.9938334570482092,
        0.0014253481599011916,
        0.0025389294516784742
      ],
      [
        0.9960088251530765,
        0.0009591978517153523,
        0.0018914984680870306,
        0.0011404785271209564
      ],
      [
        0.004843783753264014,
        0.014995501575977847,
        0.8439143384877749,
        0.13624637618298338
      ],
      [
        0.45040578666089537,
        0.29649849324153743,
        0.2473196357279314,
        0.005776084369635692
      ],
      [
        0.007355815969598815,
        0.009324006159716802,
        0.001684320553337769,
        0.9816358573173467
      ],
      [
        0.0016325260746504532,
        0.0009074033730280367,
        0.9940406349629586,
        0.0034194355893628374
      ],
      [
        0.02193596172007812,
        0.16328309405776206,
        0.5330179801671636,
        0.2817629640549962
      ]
    ]
  },
  "ATOH8": {
    "trimmed_ppm": [
      [
        0.5929473461593333,
        0.16025676922933332,
        0.163461884614,
        0.08333399999733333
      ],
      [
        0.3333330000013333,
        0.21794884615333338,
        0.41987111538733335,
        0.02884703845800002
      ],
      [
        9.999960000159999e-07,
        0.9967918846273333,
        9.999960000159999e-07,
        0.003206115380666682
      ],
      [
        0.9775611923193331,
        0.003206115380666682,
        0.006411230765333348,
        0.01282146153466668
      ],
      [
        0.009616346150000014,
        0.17628234615266666,
        0.7051263846226666,
        0.10897492307466666
      ],
      [
        0.06089819230466667,
        0.836536115394,
        0.096154461536,
        0.006411230765333348
      ],
      [
        0.016026576919333346,
        0.016026576919333346,
        0.006411230765333348,
        0.9615356153959999
      ],
      [
        0.009616346150000014,
        0.01282146153466668,
        0.9615356153959999,
        0.016026576919333346
      ],
      [
        0.025641923073333343,
        0.230769307692,
        0.4455120384646666,
        0.2980767307699999
      ]
    ]
  },
  "BACH1": {
    "trimmed_ppm": [
      [
        0.6116811396090199,
        0.09588599485425718,
        0.25753119691415427,
        0.03490166862256872
      ],
      [
        0.0014705018329081716,
        0.009552761935903029,
        0.0022052527513622498,
        0.9867714834798267
      ],
      [
        0.003307379129043366,
        0.0018378772921352103,
        0.96399420500775,
        0.030860538571071284
      ],
      [
        0.9926494908274591,
        0.0014705018329081714,
        0.003307379129043366,
        0.0025726282105892886
      ],
      [
        0.03416691770411464,
        0.7792043490165497,
        0.1524618155752212,
        0.03416691770411464
      ],
      [
        0.09111011388430566,
        0.013226516528173414,
        0.020941401171941234,
        0.8747219684155796
      ],
      [
        0.0980902476096194,
        0.8107986385100748,
        0.0385754232148391,
        0.052535690665466574
      ],
      [
        0.8736198420378986,
        0.004409505506724483,
        0.05731157163541808,
        0.06465908081995886
      ],
      [
        0.02865628581570905,
        0.005879007343632637,
        0.9177048971451431,
        0.04775980969551507
      ],
      [
        0.012859141068946376,
        0.9243176554112298,
        0.04812718515474211,
        0.01469601836508157
      ],
      [
        0.7545901932483379,
        0.047025058777060987,
        0.08155835194440264,
        0.11682639603019838
      ]
    ]
  },
  "BACH2": {
    "trimmed_ppm": [
      [
        0.5393716648129924,
        0.18536611219408783,
        0.2501742153310132,
        0.02508800766190664
      ],
      [
        0.00627275191247667,
        0.009060197208688517,
        0.007666474560582593,
        0.9770005763182521
      ],
      [
        0.008363335884635555,
        0.006969613236529633,
        0.9324014515788628,
        0.05226559929997215
      ],
      [
        0.9804848829385169,
        0.003485306616264824,
        0.008363335884635554,
        0.007666474560582593
      ],
      [
        0.0404189567910718,
        0.7351896968718746,
        0.17073202438897564,
        0.05365932194807807
      ],
      [
        0.1108019505204209,
        0.021603701041641825,
        0.029966036930277364,
        0.8376283115076598
      ],
      [
        0.09756158536341464,
        0.8250848076747065,
        0.03693465017080698,
        0.04041895679107178
      ],
      [
        0.8773494069786788,
        0.0062727519124766715,
        0.050871876651866224,
        0.06550596445697841
      ],
      [
        0.031359759578383294,
        0.016725671773271097,
        0.8857117428673144,
        0.06620282578103137
      ],
      [
        0.03554092752270106,
        0.8996489693483736,
        0.0439032634113366,
        0.02090683971758887
      ],
      [
        0.7170713024464976,
        0.05784048989239584,
        0.09268355609504392,
        0.13240465156606274
      ],
      [
        0.30104509198687945,
        0.17491319233329342,
        0.26620202578423136,
        0.2578396898955958
      ],
      [
        0.30522625993119723,
        0.14703873937117495,
        0.1351920968622746,
        0.4125429038353533
      ],
      [
        0.25087107665506614,
        0.12055800905716237,
        0.11010508919636794,
        0.5184658250914035
      ]
    ]
  },
  "BATF": {
    "trimmed_ppm": [
      [
        0.18748218126526162,
        0.12431388811594217,
        0.05015980485369761,
        0.6380441257650985
      ],
      [
        0.07444418299805843,
        0.182133836078706,
        0.5014444987030691,
        0.24197748222016655
      ],
      [
        0.9070514336618573,
        0.014455986986690966,
        0.025441777099616092,
        0.05305080225183581
      ],
      [
        0.03483751864356521,
        0.305145775369486,
        0.5685156383398752,
        0.09150106764707375
      ],
      [
        0.012721388547808053,
        0.008384892450600766,
        0.0034701968737658444,
        0.9754235221278255
      ],
      [
        0.12850583434324256,
        0.8381011457162614,
        0.0225507797014779,
        0.010842240239018228
      ],
      [
        0.9929140563865613,
        0.003325647003858934,
        0.0023137979145105682,
        0.0014464986950691106
      ],
      [
        0.1793873885504747,
        0.023273529051012442,
        0.08427357415172824,
        0.7130655082467845
      ],
      [
        0.503179097141952,
        0.10046315958130211,
        0.018503383344084433,
        0.3778543599326614
      ],
      [
        0.2824514457941012,
        0.19586607371986242,
        0.10219775802018505,
        0.4194847224658514
      ],
      [
        0.13876887510663313,
        0.43206056114775254,
        0.11260534865348254,
        0.3165652150921318
      ],
      [
        0.2661173104946204,
        0.09656031309381558,
        0.44319090113058457,
        0.1941314752809795
      ],
      [
        0.5053473451905557,
        0.08080437727396242,
        0.27739220034735934,
        0.13645607718812255
      ],
      [
        0.45027384475602317,
        0.06345839288513329,
        0.3044230260199514,
        0.1818447363388922
      ],
      [
        0.7789802489243353,
        0.12460298785575599,
        0.04033041370002776,
        0.056086349519880896
      ]
    ]
  },
  "BATF3": {
    "trimmed_ppm": [
      [
        0.12477336583688188,
        0.12295629254793701,
        0.21017581041729133,
        0.5420945311978898
      ],
      [
        0.2495457316777638,
        0.33615955845080314,
        0.16414328709735435,
        0.2501514227740787
      ],
      [
        0.16535466928998424,
        0.3670498043628661,
        0.17080588915681888,
        0.29678963719033064
      ],
      [
        0.2961839460940157,
        0.2337977631735748,
        0.16898881586787404,
        0.3010294748645354
      ],
      [
        0.27256199333773223,
        0.11689938158478742,
        0.4227733852238425,
        0.18776523985363783
      ],
      [
        0.41732216535700783,
        0.0757123870353701,
        0.21744410357307087,
        0.2895213440345512
      ],
      [
        0.29376118170875587,
        0.05027336099014174,
        0.13809856995581102,
        0.5178668873452913
      ],
      [
        0.5772246147841574,
        0.14718393640053543,
        0.06238718291644095,
        0.21320426589886612
      ],
      [
        0.0054522198628346626,
        0.0030294554775748194,
        0.0030294554775748194,
        0.9884888691820158
      ],
      [
        0.010297748633354347,
        0.026045717137543323,
        0.8352490218143308,
        0.12840751241477166
      ],
      [
        0.9454848013436536,
        0.014537586307559072,
        0.004846528766519701,
        0.035131083582267734
      ],
      [
        0.09267173773218901,
        0.35433029134025196,
        0.5130213585747717,
        0.03997661235278742
      ],
      [
        0.025440026041228365,
        0.02362295275228348,
        0.008480675344409465,
        0.9424563458620788
      ],
      [
        0.1477896274968504,
        0.8297978019474962,
        0.011509130825984266,
        0.010903439729669308
      ],
      [
        0.9563872410773228,
        0.006663602055464582,
        0.014537586307559068,
        0.022411570559653555
      ]
    ]
  },
  "BCL11A": {
    "trimmed_ppm": [
      [
        0.30531209632312667,
        0.05487526969915472,
        0.13251652364085234,
        0.5072961103368664
      ],
      [
        9.99996000016e-07,
        0.0011685376492586266,
        0.9988294623587415,
        9.99996000016e-07
      ],
      [
        9.999960000159999e-07,
        0.0005847688226293213,
        0.998245693532112,
        0.0011685376492586263
      ],
      [
        0.008757532395439596,
        0.08815009281702511,
        0.0023360753025172373,
        0.9007562994850181
      ],
      [
        9.999960000159999e-07,
        0.9976619247054827,
        0.0011685376492586263,
        0.0011685376492586263
      ],
      [
        0.9906566987859312,
        0.0011685376492586266,
        0.00700622591555168,
        0.0011685376492586266
      ],
      [
        0.2329247618210928,
        0.12375999124141272,
        0.5861049019318225,
        0.05721034500567193
      ]
    ]
  },
  "BCL6": {
    "trimmed_ppm": [
      [
        0.5702609653688054,
        0.04774944828968828,
        0.1182588149409896,
        0.26373077140051654
      ],
      [
        0.04849165214917567,
        0.013360669466772898,
        0.005691229585403281,
        0.9324564487986481
      ],
      [
        0.04453323156524296,
        0.0596247100414864,
        0.008412643736857016,
        0.8874294146564136
      ],
      [
        0.03092616080797429,
        0.9475479272748917,
        0.006928236017882253,
        0.014597675899251872
      ],
      [
        0.02770994408352896,
        0.8656581014447836,
        0.00445422315292431,
        0.102177731318763
      ],
      [
        0.008412643736857016,
        0.005443828298907486,
        0.0007432038554873984,
        0.985400324108748
      ],
      [
        0.5705083666553014,
        0.06209872290644434,
        0.33869336120874216,
        0.028699549229512136
      ],
      [
        0.07620059623670461,
        0.009402248882840192,
        0.909695530441035,
        0.004701624439420104
      ],
      [
        0.9708036482054964,
        0.012371064320789724,
        0.0091548475963444,
        0.0076704398773696355
      ],
      [
        0.7337932157425255,
        0.037358594256864934,
        0.16353325036971997,
        0.06531493963088968
      ],
      [
        0.7337932157425255,
        0.011876261747798135,
        0.12246463681141814,
        0.1318658856982583
      ],
      [
        0.15512160662886293,
        0.07743760266918358,
        0.6016809287537713,
        0.16575986194818207
      ]
    ]
  },
  "BCL6B": {
    "trimmed_ppm": [
      [
        0.07602931842297675,
        0.03130677817181396,
        0.030412327366790712,
        0.8622515760384185
      ],
      [
        0.08229047405813954,
        0.0688737119827907,
        0.040251286222046524,
        0.8085845277370232
      ],
      [
        0.09481278532846514,
        0.8345236010826977,
        0.02683452414669769,
        0.043829089442139556
      ],
      [
        0.04561799105218606,
        0.7504452254105115,
        0.0071566064361860615,
        0.19678017710111628
      ],
      [
        0.015206663681395362,
        0.009839958851255827,
        0.009839958851255827,
        0.9651134186160929
      ],
      [
        0.549193794280279,
        0.08139602325311629,
        0.33720895348976737,
        0.03220122897683722
      ],
      [
        0.115385153844,
        0.0035788032160930386,
        0.8756683381137673,
        0.00536770482613955
      ],
      [
        0.9669023202261393,
        0.006262155631162806,
        0.014312212876372106,
        0.012523311266325596
      ],
      [
        0.7307673077,
        0.042934638637116294,
        0.15116318604493026,
        0.07513486761795352
      ],
      [
        0.6815725134237208,
        0.026834524146697684,
        0.17263000536548836,
        0.11896295706409302
      ],
      [
        0.11359625223395348,
        0.06529590876269768,
        0.6815725134237208,
        0.1395353255796279
      ],
      [
        0.2200358980317209,
        0.5116268604693023,
        0.0751348676179535,
        0.19320237388102324
      ]
    ]
  },
  "BHLHA15": {
    "trimmed_ppm": [
      [
        0.38519583383902106,
        0.38746168580280355,
        0.19033256495372808,
        0.03700991540444714
      ],
      [
        0.011330259814912402,
        0.9592116646639155,
        0.017372531718332345,
        0.012085543802839894
      ],
      [
        0.937308429014018,
        0.012085543802839892,
        0.04305218730786708,
        0.00755383987527494
      ],
      [
        0.006798555887347447,
        0.13066512990745618,
        0.7356476042373776,
        0.12688870996781873
      ],
      [
        0.1374626857988036,
        0.7167655045391903,
        0.13444154984709364,
        0.011330259814912398
      ],
      [
        0.061179003018126905,
        0.04456275528372207,
        0.021148951657969806,
        0.8731092900401813
      ],
      [
        0.013596111778694877,
        0.024170087609679772,
        0.9501482568087855,
        0.012085543802839892
      ],
      [
        0.03021235951309971,
        0.23262846827766764,
        0.5007542839919275,
        0.23640488821730513
      ],
      [
        0.21450165256740786,
        0.2907853353480846,
        0.18655614501409065,
        0.3081568670704169
      ],
      [
        0.07628468277667676,
        0.3927486737182961,
        0.4222047492474683,
        0.10876189425755893
      ]
    ]
  },
  "BHLHE22": {
    "trimmed_ppm": [
      [
        0.022195732425455004,
        0.9050528668415535,
        0.03658120714824991,
        0.03617019358474149
      ],
      [
        0.8501825561131787,
        0.028566442659835604,
        0.058159419232442264,
        0.06309158199454337
      ],
      [
        0.017674583226862328,
        0.1255656436478241,
        0.7714734587013153,
        0.08528631442399838
      ],
      [
        0.17303771023304726,
        0.7170141615364488,
        0.09330107891241265,
        0.01664704931809126
      ],
      [
        0.11138567570678339,
        0.11118016892502917,
        0.046445532672452126,
        0.7309886226957352
      ],
      [
        0.06864026510190711,
        0.03658120714824991,
        0.8230556609216225,
        0.07172286682822031
      ],
      [
        0.06966779901067818,
        0.5780915770706009,
        0.11035814179801233,
        0.24188248212070856
      ]
    ]
  },
  "BHLHE40": {
    "trimmed_ppm": [
      [
        0.04071330534016286,
        0.022901671752091617,
        0.7302779771069211,
        0.20610704580082442
      ],
      [
        0.0356242671721425,
        0.9541956564998167,
        9.999960000159999e-07,
        0.010179076332040727
      ],
      [
        0.9414730610797658,
        0.02035715266808144,
        0.01526811450006108,
        0.022901671752091617
      ],
      [
        0.0025455190800101946,
        0.9923634427599696,
        0.005090038164020373,
        9.99996000016e-07
      ],
      [
        0.0025455190800101946,
        0.0025455190800101946,
        0.9949079618439797,
        9.99996000016e-07
      ],
      [
        0.07379205343229517,
        0.07888109160031552,
        0.07379205343229517,
        0.7735348015350941
      ],
      [
        9.99996000016e-07,
        9.99996000016e-07,
        0.9160278702396641,
        0.0839701297683359
      ],
      [
        0.4452918396977812,
        0.44783635878179134,
        0.00763455724803055,
        0.09923724427239697
      ],
      [
        0.1043262824404173,
        0.5089048167980356,
        0.27735358015310935,
        0.10941532060843766
      ]
    ]
  },
  "BNC2": {
    "trimmed_ppm": [
      [
        0.5010341925506004,
        0.11352711593984541,
        0.3685295465857473,
        0.016909144923806775
      ],
      [
        0.008627604551003466,
        0.0072473478222029155,
        0.007764944095503122,
        0.9763601035312905
      ],
      [
        0.016219016559406503,
        0.01794433747040719,
        0.8892313975257556,
        0.07660524844443065
      ],
      [
        0.9437515383133777,
        0.01483875983060595,
        0.028468795027511404,
        0.012940906828505192
      ],
      [
        0.07953829399313181,
        0.7722546397599088,
        0.056073929603522435,
        0.09213313664343685
      ],
      [
        0.08730223809263492,
        0.01294090682850519,
        0.02691600620761078,
        0.872840848871249
      ],
      [
        0.14233997515355698,
        0.8210812215412285,
        0.01604648446830644,
        0.02053231883690823
      ],
      [
        0.9368502546693745,
        0.017599273288207054,
        0.020532318836908228,
        0.02501815320551002
      ]
    ]
  },
  "CDX2": {
    "trimmed_ppm": [
      [
        0.2760890547116636,
        0.23150969908785007,
        0.452380142860381,
        0.04002110334010539
      ],
      [
        0.07142928571142858,
        0.5531902766005957,
        0.034448683887128684,
        0.34093175380084695
      ],
      [
        0.4554196443801864,
        0.452380142860381,
        0.018238009114832844,
        0.07396220364459982
      ],
      [
        0.9696019848139452,
        0.0035470851024397318,
        0.02330384498117529,
        0.0035470851024397318
      ],
      [
        0.0005075835826342612,
        0.012665589661856142,
        0.002533917929171242,
        0.9842929088263384
